0 184
1 7915
2 44480
3 91680
4 132006
5 162964
6 186456
7 203901
8 216980
9 227090
10 234707
11 240900
12 245769
13 249520
14 252351
15 254662
16 256119
17 257616
18 259049
19 260167
20 260961
21 261641
22 262581
23 263217
24 263728
25 263995
26 264342
27 264537
28 265001
29 265032
30 265301
31 265357
32 265943
33 266328
34 266218
35 266228
36 266100
37 266351
38 266473
39 266576
40 266408
41 266433
42 266555
43 266710
44 266500
45 266402
46 266580
47 266605
48 266612
49 266967
50 267122
51 267061
52 266879
53 266844
54 266814
55 266756
56 266356
57 266731
58 266840
59 266734
60 266983
61 266916
62 266795
63 266677
64 266687
65 266655
66 266694
67 266564
68 266560
69 266565
70 266106
71 266228
72 266357
73 266544
74 266757
75 266602
76 266875
77 266995
78 266869
79 266842
80 266681
81 266868
82 266636
83 267092
