0   2
1   5
2   4
3   9
4   7
5   9
6   10
7   10
8   10
9   10
10   15
11   28
12   32
13   30
14   33
15   41
16   40
17   43
18   96
19   156
20   250
21   442
22   815
23   1496
24   2876
25   5146
26   8224
27   12187
28   16469
29   21103
30   26096
31   31081
32   35377
33   39788
34   44013
35   47280
36   50881
37   53681
38   56368
39   58651
40   60990
41   62948
42   64631
43   66409
44   68035
45   69169
46   70135
47   70790
48   71518
49   72459
50   73258
51   73807
52   74628
53   75035
54   75495
55   75892
56   76416
57   76857
58   77174
59   77498
60   77628
61   77745
62   78072
63   78000
64   78217
65   78690
66   78674
67   78934
68   79186
69   79467
70   79562
71   79749
72   79711
73   79523
74   79701
75   79888
76   80054
77   80047
78   80178
79   80196
80   80254
81   80209
82   80087
83   80151
